#index 0
        -1          0
 -0.931034   0.192956
 -0.862069   0.359342
 -0.793103   0.501128
 -0.724138    0.62028
 -0.655172   0.718767
 -0.586207   0.798557
 -0.517241   0.861618
 -0.448276   0.909918
  -0.37931   0.945426
 -0.310345   0.970109
 -0.241379   0.985936
 -0.172414   0.994875
 -0.103448   0.998893
-0.0344828   0.999959
 0.0344828    1.00004
  0.103448    1.00111
  0.172414    1.00513
  0.241379    1.01406
  0.310345    1.02989
   0.37931    1.05457
  0.448276    1.09008
  0.517241    1.13838
  0.586207    1.20144
  0.655172    1.28123
  0.724138    1.37972
  0.793103    1.49887
  0.862069    1.64066
  0.931034    1.80704
         1          2



#index 1
        -1   0.322839          0
 -0.979798   0.338553  0.0593899
 -0.959596   0.354688   0.116381
 -0.939394   0.371232   0.171022
 -0.919192    0.38817   0.223362
  -0.89899   0.405485   0.273452
 -0.878788   0.423158    0.32134
 -0.858586   0.441169   0.367077
 -0.838384   0.459495   0.410711
 -0.818182    0.47811   0.452292
  -0.79798   0.496988   0.491869
 -0.777778   0.516101   0.529492
 -0.757576   0.535416   0.565211
 -0.737374   0.554902   0.599075
 -0.717172   0.574524   0.631133
  -0.69697   0.594246   0.661435
 -0.676768   0.614029   0.690031
 -0.656566   0.633834   0.716969
 -0.636364   0.653621   0.742299
 -0.616162   0.673347   0.766071
  -0.59596   0.692969   0.788334
 -0.575758   0.712444   0.809138
 -0.555556   0.731727   0.828532
 -0.535354   0.750773   0.846566
 -0.515152   0.769536   0.863289
 -0.494949   0.787971    0.87875
 -0.474747   0.806034   0.892999
 -0.454545   0.823679   0.906086
 -0.434343   0.840864   0.918059
 -0.414141   0.857546   0.928969
 -0.393939   0.873683   0.938865
 -0.373737   0.889237   0.947797
 -0.353535    0.90417   0.955813
 -0.333333   0.918446   0.962963
 -0.313131   0.932035   0.969297
 -0.292929   0.944905   0.974864
 -0.272727   0.957032   0.979715
 -0.252525   0.968392   0.983897
 -0.232323   0.978968   0.987461
 -0.212121   0.988744   0.990456
 -0.191919    0.99771   0.992931
 -0.171717    1.00586   0.994937
 -0.151515     1.0132   0.996522
 -0.131313    1.01972   0.997736
 -0.111111    1.02545   0.998628
-0.0909091    1.03039   0.999249
-0.0707071    1.03457   0.999647
-0.0505051    1.03801   0.999871
 -0.030303    1.04075   0.999972
 -0.010101    1.04283   0.999999
  0.010101    1.04429          1
  0.030303    1.04518    1.00003
 0.0505051    1.04557    1.00013
 0.0707071     1.0455    1.00035
 0.0909091    1.04506    1.00075
  0.111111    1.04432    1.00137
  0.131313    1.04335    1.00226
  0.151515    1.04224    1.00348
  0.171717    1.04108    1.00506
  0.191919    1.03996    1.00707
  0.212121    1.03898    1.00954
  0.232323    1.03825    1.01254
  0.252525    1.03786     1.0161
  0.272727    1.03792    1.02029
  0.292929    1.03855    1.02514
  0.313131    1.03985     1.0307
  0.333333    1.04192    1.03704
  0.353535     1.0449    1.04419
  0.373737    1.04887     1.0522
  0.393939    1.05395    1.06113
  0.414141    1.06026    1.07103
  0.434343    1.06788    1.08194
  0.454545    1.07692    1.09391
  0.474747    1.08748      1.107
  0.494949    1.09965    1.12125
  0.515152    1.11351    1.13671
  0.535354    1.12914    1.15343
  0.555556    1.14661    1.17147
  0.575758    1.16597    1.19086
   0.59596    1.18729    1.21167
  0.616162     1.2106    1.23393
  0.636364    1.23594     1.2577
  0.656566    1.26333    1.28303
  0.676768    1.29277    1.30997
   0.69697    1.32426    1.33856
  0.717172    1.35779    1.36887
  0.737374    1.39332    1.40092
  0.757576    1.43082    1.43479
  0.777778    1.47022    1.47051
   0.79798    1.51145    1.50813
  0.818182    1.55444    1.54771
  0.838384    1.59906    1.58929
  0.858586    1.64522    1.63292
  0.878788    1.69279    1.67866
   0.89899     1.7416    1.72655
  0.919192    1.79152    1.77664
  0.939394    1.84236    1.82898
  0.959596    1.89394    1.88362
  0.979798    1.94607    1.94061
         1    1.99852          2
