150 4.70844e-09 6.53333e-10
151 4.88186e-09 5.64051e-10
152 4.76877e-09 5.49005e-10
153 4.63092e-09 5.32726e-10
154 4.60481e-09 5.48153e-10
155 4.7182e-09 5.58021e-10
156 4.81243e-09 5.46832e-10
157 4.61408e-09 5.38775e-10
158 4.58889e-09 5.38243e-10
159 4.60584e-09 5.40093e-10
160 4.73706e-09 7.38037e-10
161 5.45087e-09 5.6047e-10
162 4.61716e-09 5.41217e-10
163 4.65832e-09 5.2947e-10
164 4.68993e-09 5.50902e-10
165 4.61986e-09 5.57197e-10
166 4.62016e-09 5.30792e-10
167 4.60916e-09 5.60391e-10
168 4.57627e-09 5.37368e-10
169 4.5759e-09 5.38451e-10
170 4.60574e-09 5.41624e-10
171 4.6966e-09 5.92975e-10
172 4.59158e-09 5.33562e-10
173 4.61072e-09 5.41745e-10
174 4.59413e-09 5.70043e-10
175 4.58617e-09 5.46892e-10
176 4.76138e-09 6.23283e-10
177 4.75147e-09 5.58137e-10
178 4.74578e-09 5.58181e-10
179 4.74131e-09 5.59688e-10
180 4.7344e-09 5.56927e-10
181 4.7449e-09 5.55505e-10
182 4.74988e-09 5.55024e-10
183 4.75827e-09 5.57397e-10
184 4.73136e-09 5.54619e-10
185 4.7705e-09 5.6352e-10
186 4.75706e-09 5.62406e-10
187 4.7515e-09 5.61383e-10
188 4.75133e-09 5.65415e-10
189 4.79436e-09 5.58117e-10
190 4.7921e-09 5.59265e-10
191 4.81338e-09 5.6861e-10
192 5.17386e-09 9.08322e-10
193 4.77879e-09 5.62939e-10
194 4.76923e-09 5.63866e-10
195 4.77945e-09 5.71554e-10
196 4.77732e-09 5.62452e-10
197 4.82579e-09 5.90161e-10
198 4.75433e-09 5.59492e-10
199 4.6395e-09 5.43867e-10
200 4.64213e-09 5.60375e-10
201 4.63746e-09 5.46511e-10
202 4.67097e-09 5.41225e-10
203 4.73353e-09 5.45818e-10
204 4.65884e-09 5.44545e-10
205 4.77474e-09 6.03706e-10
206 4.78059e-09 5.63384e-10
207 4.75617e-09 5.51538e-10
208 4.65612e-09 6.49078e-10
209 4.68676e-09 5.49876e-10
210 4.70176e-09 5.51236e-10
211 4.67621e-09 5.4993e-10
212 4.64929e-09 5.65693e-10
213 4.80018e-09 5.68318e-10
214 4.66208e-09 5.62327e-10
215 4.87816e-09 5.69912e-10
216 4.63161e-09 5.51813e-10
217 4.66555e-09 5.57724e-10
218 4.66148e-09 5.56358e-10
219 4.68312e-09 5.54389e-10
220 4.65721e-09 5.54189e-10
221 4.76113e-09 5.51332e-10
222 4.8233e-09 5.68319e-10
223 4.86439e-09 5.54034e-10
224 4.79037e-09 7.8972e-10
225 4.79903e-09 5.76527e-10
226 4.84199e-09 5.57039e-10
227 4.71058e-09 5.54497e-10
228 4.67502e-09 5.48667e-10
229 4.78725e-09 5.68074e-10
230 5.16923e-09 6.02778e-10
231 5.19771e-09 5.81192e-10
232 5.13239e-09 5.7475e-10
233 5.54179e-09 8.95067e-10
234 6.76966e-09 7.12173e-10
235 6.1339e-09 6.3431e-10
236 5.79082e-09 5.92046e-10
237 5.67185e-09 6.32885e-10
238 5.75027e-09 7.26638e-10
239 6.2148e-09 6.88255e-10
240 4.83615e-09 6.82653e-10
241 4.92209e-09 6.09465e-10
242 4.84022e-09 5.76046e-10
243 4.85473e-09 5.80323e-10
244 4.85503e-09 5.8134e-10
245 4.8594e-09 5.80642e-10
246 4.81301e-09 5.75874e-10
247 4.84723e-09 5.78198e-10
248 4.76923e-09 5.75887e-10
249 4.86674e-09 5.78952e-10
250 4.82438e-09 5.77152e-10
251 4.84208e-09 5.86028e-10
252 4.77104e-09 5.71018e-10
253 4.84004e-09 5.78352e-10
254 4.75955e-09 5.61479e-10
255 4.71493e-09 5.71304e-10
256 6.22785e-09 1.90711e-09
257 4.72559e-09 5.70028e-10
258 4.72175e-09 5.65056e-10
259 4.76701e-09 5.71947e-10
260 4.69589e-09 5.62301e-10
261 4.76547e-09 5.69249e-10
262 4.7115e-09 5.69761e-10
263 4.74613e-09 5.73072e-10
264 4.66354e-09 5.64682e-10
265 4.76125e-09 5.68147e-10
266 4.73331e-09 5.69095e-10
267 4.78571e-09 5.86629e-10
268 4.81162e-09 5.78009e-10
269 4.84847e-09 5.8592e-10
270 4.83996e-09 5.81822e-10
271 4.89355e-09 6.14646e-10
272 4.78899e-09 6.75275e-10
273 4.81426e-09 6.09886e-10
274 4.77983e-09 5.69156e-10
275 4.77043e-09 5.73596e-10
276  4.718e-09 5.67812e-10
277 4.78688e-09 5.72929e-10
278 4.74569e-09 5.72308e-10
279 4.77441e-09 5.7474e-10
280 4.69588e-09 5.77077e-10
281 4.77848e-09 5.73372e-10
282 4.76786e-09 5.69791e-10
283 4.7693e-09 5.9373e-10
284 4.80047e-09 5.71546e-10
285 4.77837e-09 5.79936e-10
286 4.75646e-09 5.67205e-10
287 4.78162e-09 5.80079e-10
288 4.8417e-09 7.94713e-10
289 4.77227e-09 5.73007e-10
290 4.74755e-09 5.73209e-10
291 4.78351e-09 5.76978e-10
292 4.73762e-09 5.72195e-10
293 4.79809e-09 5.84445e-10
294 4.77869e-09 5.77872e-10
295 4.76037e-09 5.76768e-10
296 4.72898e-09 5.78885e-10
297 4.78547e-09 5.90501e-10
298 4.90984e-09 5.95157e-10
299 4.88756e-09 5.93695e-10
