         1          1          2          0
   1.00802     1.0161    2.01603 0.00808046
   1.01603    1.03232    2.03206  0.0162905
   1.02405    1.04867     2.0481   0.024631
   1.03206    1.06516    2.06413  0.0331032
   1.04008    1.08177    2.08016   0.041708
    1.0481    1.09851    2.09619  0.0504465
   1.05611    1.11537    2.11222  0.0593197
   1.06413    1.13237    2.12826  0.0683286
   1.07214    1.14949    2.14429  0.0774743
   1.08016    1.16675    2.16032  0.0867577
   1.08818    1.18413    2.17635  0.0961799
   1.09619    1.20164    2.19238   0.105742
   1.10421    1.21928    2.20842   0.115445
   1.11222    1.23704    2.22445    0.12529
   1.12024    1.25494    2.24048   0.135278
   1.12826    1.27296    2.25651    0.14541
   1.13627    1.29112    2.27255   0.155686
   1.14429     1.3094    2.28858   0.166109
    1.1523    1.32781    2.30461   0.176679
   1.16032    1.34634    2.32064   0.187397
   1.16834    1.36501    2.33667   0.198264
   1.17635    1.38381    2.35271   0.209281
   1.18437    1.40273    2.36874    0.22045
   1.19238    1.42178    2.38477    0.23177
    1.2004    1.44096     2.4008   0.243244
   1.20842    1.46027    2.41683   0.254872
   1.21643    1.47971    2.43287   0.266656
   1.22445    1.49928     2.4489   0.278595
   1.23246    1.51897    2.46493   0.290692
   1.24048    1.53879    2.48096   0.302948
    1.2485    1.55874    2.49699   0.315363
   1.25651    1.57882    2.51303   0.327938
   1.26453    1.59903    2.52906   0.340675
   1.27255    1.61937    2.54509   0.353574
   1.28056    1.63984    2.56112   0.366637
   1.28858    1.66043    2.57715   0.379865
   1.29659    1.68115    2.59319   0.393258
   1.30461    1.70201    2.60922   0.406817
   1.31263    1.72299    2.62525   0.420545
   1.32064    1.74409    2.64128   0.434441
   1.32866    1.76533    2.65731   0.448506
   1.33667     1.7867    2.67335   0.462743
   1.34469    1.80819    2.68938   0.477151
   1.35271    1.82981    2.70541   0.491732
   1.36072    1.85156    2.72144   0.506487
   1.36874    1.87344    2.73747   0.521417
   1.37675    1.89545    2.75351   0.536523
   1.38477    1.91759    2.76954   0.551805
   1.39279    1.93985    2.78557   0.567266
    1.4008    1.96225     2.8016   0.582905
   1.40882    1.98477    2.81764   0.598725
   1.41683    2.00742    2.83367   0.614726
   1.42485     2.0302     2.8497   0.630908
   1.43287     2.0531    2.86573   0.647274
   1.44088    2.07614    2.88176   0.663824
    1.4489     2.0993     2.8978   0.680559
   1.45691     2.1226    2.91383   0.697481
   1.46493    2.14602    2.92986   0.714589
   1.47295    2.16957    2.94589   0.731886
   1.48096    2.19325    2.96192   0.749372
   1.48898    2.21706    2.97796   0.767049
   1.49699    2.24099    2.99399   0.784917
   1.50501    2.26506    3.01002   0.802977
   1.51303    2.28925    3.02605   0.821231
   1.52104    2.31357    3.04208   0.839679
   1.52906    2.33802    3.05812   0.858322
   1.53707     2.3626    3.07415   0.877162
   1.54509     2.3873    3.09018     0.8962
   1.55311    2.41214    3.10621   0.915436
   1.56112     2.4371    3.12224   0.934872
   1.56914    2.46219    3.13828   0.954508
   1.57715    2.48742    3.15431   0.974346
   1.58517    2.51277    3.17034   0.994387
   1.59319    2.53824    3.18637    1.01463
    1.6012    2.56385     3.2024    1.03508
   1.60922    2.58958    3.21844    1.05574
   1.61723    2.61545    3.23447     1.0766
   1.62525    2.64144     3.2505    1.09767
   1.63327    2.66756    3.26653    1.11895
   1.64128    2.69381    3.28257    1.14043
    1.6493    2.72019     3.2986    1.16213
   1.65731    2.74669    3.31463    1.18404
   1.66533    2.77333    3.33066    1.20617
   1.67335    2.80009    3.34669    1.22851
   1.68136    2.82698    3.36273    1.25106
   1.68938      2.854    3.37876    1.27383
   1.69739    2.88115    3.39479    1.29682
   1.70541    2.90843    3.41082    1.32002
   1.71343    2.93583    3.42685    1.34344
   1.72144    2.96337    3.44289    1.36709
   1.72946    2.99103    3.45892    1.39095
   1.73747    3.01882    3.47495    1.41504
   1.74549    3.04674    3.49098    1.43935
   1.75351    3.07479    3.50701    1.46389
   1.76152    3.10296    3.52305    1.48865
   1.76954    3.13127    3.53908    1.51363
   1.77756     3.1597    3.55511    1.53885
   1.78557    3.18826    3.57114    1.56429
   1.79359    3.21695    3.58717    1.58996
    1.8016    3.24577    3.60321    1.61587
   1.80962    3.27472    3.61924      1.642
   1.81764     3.3038    3.63527    1.66837
   1.82565      3.333     3.6513    1.69497
   1.83367    3.36234    3.66733     1.7218
   1.84168     3.3918    3.68337    1.74887
    1.8497    3.42139     3.6994    1.77618
   1.85772    3.45111    3.71543    1.80372
   1.86573    3.48095    3.73146    1.83151
   1.87375    3.51093    3.74749    1.85953
   1.88176    3.54103    3.76353     1.8878
   1.88978    3.57127    3.77956     1.9163
    1.8978    3.60163    3.79559    1.94505
   1.90581    3.63212    3.81162    1.97404
   1.91383    3.66274    3.82766    2.00328
   1.92184    3.69348    3.84369    2.03277
   1.92986    3.72436    3.85972     2.0625
   1.93788    3.75536    3.87575    2.09248
   1.94589    3.78649    3.89178     2.1227
   1.95391    3.81776    3.90782    2.15318
   1.96192    3.84915    3.92385    2.18391
   1.96994    3.88066    3.93988    2.21489
   1.97796    3.91231    3.95591    2.24613
   1.98597    3.94408    3.97194    2.27761
   1.99399    3.97599    3.98798    2.30936
     2.002    4.00802    4.00401    2.34136
   2.01002    4.04018    4.02004    2.37361
   2.01804    4.07247    4.03607    2.40613
   2.02605    4.10489     4.0521    2.43891
   2.03407    4.13743    4.06814    2.47194
   2.04208    4.17011    4.08417    2.50524
    2.0501    4.20291     4.1002     2.5388
   2.05812    4.23584    4.11623    2.57262
   2.06613     4.2689    4.13226    2.60671
   2.07415    4.30209     4.1483    2.64106
   2.08216    4.33541    4.16433    2.67568
   2.09018    4.36885    4.18036    2.71056
    2.0982    4.40243    4.19639    2.74572
   2.10621    4.43613    4.21242    2.78114
   2.11423    4.46996    4.22846    2.81684
   2.12224    4.50392    4.24449    2.85281
   2.13026    4.53801    4.26052    2.88905
   2.13828    4.57223    4.27655    2.92556
   2.14629    4.60657    4.29259    2.96235
   2.15431    4.64105    4.30862    2.99941
   2.16232    4.67565    4.32465    3.03676
   2.17034    4.71038    4.34068    3.07438
   2.17836    4.74524    4.35671    3.11227
   2.18637    4.78023    4.37275    3.15045
   2.19439    4.81534    4.38878    3.18891
    2.2024    4.85059    4.40481    3.22765
   2.21042    4.88596    4.42084    3.26668
   2.21844    4.92146    4.43687    3.30598
   2.22645    4.95709    4.45291    3.34558
   2.23447    4.99285    4.46894    3.38546
   2.24248    5.02874    4.48497    3.42562
    2.2505    5.06475      4.501    3.46608
   2.25852     5.1009    4.51703    3.50682
   2.26653    5.13717    4.53307    3.54786
   2.27455    5.17357     4.5491    3.58918
   2.28257     5.2101    4.56513     3.6308
   2.29058    5.24676    4.58116    3.67271
    2.2986    5.28355    4.59719    3.71492
   2.30661    5.32046    4.61323    3.75742
   2.31463    5.35751    4.62926    3.80022
   2.32265    5.39468    4.64529    3.84331
   2.33066    5.43198    4.66132     3.8867
   2.33868    5.46941    4.67735     3.9304
   2.34669    5.50697    4.69339    3.97439
   2.35471    5.54466    4.70942    4.01868
   2.36273    5.58247    4.72545    4.06328
   2.37074    5.62042    4.74148    4.10818
   2.37876    5.65849    4.75752    4.15339
   2.38677    5.69669    4.77355     4.1989
   2.39479    5.73502    4.78958    4.24472
   2.40281    5.77347    4.80561    4.29085
   2.41082    5.81206    4.82164    4.33728
   2.41884    5.85078    4.83768    4.38403
   2.42685    5.88962    4.85371    4.43108
   2.43487    5.92859    4.86974    4.47845
   2.44289    5.96769    4.88577    4.52613
    2.4509    6.00692     4.9018    4.57412
   2.45892    6.04628    4.91784    4.62243
   2.46693    6.08576    4.93387    4.67106
   2.47495    6.12538     4.9499       4.72
   2.48297    6.16512    4.96593    4.76926
   2.49098    6.20499    4.98196    4.81884
     2.499    6.24499      4.998    4.86874
   2.50701    6.28512    5.01403    4.91896
   2.51503    6.32538    5.03006     4.9695
   2.52305    6.36576    5.04609    5.02037
   2.53106    6.40628    5.06212    5.07156
   2.53908    6.44692    5.07816    5.12308
   2.54709    6.48769    5.09419    5.17492
   2.55511    6.52859    5.11022    5.22709
   2.56313    6.56962    5.12625    5.27959
   2.57114    6.61077    5.14228    5.33241
   2.57916    6.65206    5.15832    5.38557
   2.58717    6.69347    5.17435    5.43906
   2.59519    6.73501    5.19038    5.49288
   2.60321    6.77668    5.20641    5.54704
   2.61122    6.81848    5.22244    5.60152
   2.61924    6.86041    5.23848    5.65635
   2.62725    6.90247    5.25451    5.71151
   2.63527    6.94465    5.27054    5.76701
   2.64329    6.98696    5.28657    5.82285
    2.6513    7.02941    5.30261    5.87903
   2.65932    7.07198    5.31864    5.93555
   2.66733    7.11467    5.33467    5.99241
   2.67535     7.1575     5.3507    6.04961
   2.68337    7.20046    5.36673    6.10716
   2.69138    7.24354    5.38277    6.16505
    2.6994    7.28675     5.3988    6.22328
   2.70741     7.3301    5.41483    6.28187
   2.71543    7.37356    5.43086     6.3408
   2.72345    7.41716    5.44689    6.40008
   2.73146    7.46089    5.46293    6.45971
   2.73948    7.50474    5.47896     6.5197
   2.74749    7.54873    5.49499    6.58003
   2.75551    7.59284    5.51102    6.64072
   2.76353    7.63708    5.52705    6.70176
   2.77154    7.68145    5.54309    6.76316
   2.77956    7.72595    5.55912    6.82491
   2.78758    7.77058    5.57515    6.88702
   2.79559    7.81533    5.59118    6.94949
   2.80361    7.86021    5.60721    7.01232
   2.81162    7.90523    5.62325    7.07551
   2.81964    7.95037    5.63928    7.13905
   2.82766    7.99563    5.65531    7.20297
   2.83567    8.04103    5.67134    7.26724
   2.84369    8.08656    5.68737    7.33188
    2.8517    8.13221    5.70341    7.39689
   2.85972      8.178    5.71944    7.46226
   2.86774    8.22391    5.73547      7.528
   2.87575    8.26995     5.7515     7.5941
   2.88377    8.31612    5.76754    7.66058
   2.89178    8.36241    5.78357    7.72743
    2.8998    8.40884     5.7996    7.79465
   2.90782    8.45539    5.81563    7.86224
   2.91583    8.50207    5.83166    7.93021
   2.92385    8.54889     5.8477    7.99855
   2.93186    8.59582    5.86373    8.06726
   2.93988    8.64289    5.87976    8.13636
    2.9479    8.69009    5.89579    8.20583
   2.95591    8.73741    5.91182    8.27568
   2.96393    8.78487    5.92786    8.34591
   2.97194    8.83245    5.94389    8.41652
   2.97996    8.88016    5.95992    8.48751
   2.98798      8.928    5.97595    8.55888
   2.99599    8.97597    5.99198    8.63064
   3.00401    9.02406    6.00802    8.70279
   3.01202    9.07229    6.02405    8.77532
   3.02004    9.12064    6.04008    8.84823
   3.02806    9.16912    6.05611    8.92154
   3.03607    9.21773    6.07214    8.99524
   3.04409    9.26647    6.08818    9.06932
    3.0521    9.31534    6.10421     9.1438
   3.06012    9.36434    6.12024    9.21866
   3.06814    9.41346    6.13627    9.29393
   3.07615    9.46271     6.1523    9.36958
   3.08417    9.51209    6.16834    9.44563
   3.09218     9.5616    6.18437    9.52208
    3.1002    9.61124     6.2004    9.59893
   3.10822    9.66101    6.21643    9.67617
   3.11623     9.7109    6.23246    9.75381
   3.12425    9.76093     6.2485    9.83186
   3.13226    9.81108    6.26453     9.9103
   3.14028    9.86136    6.28056    9.98915
    3.1483    9.91177    6.29659    10.0684
   3.15631    9.96231    6.31263    10.1481
   3.16433     10.013    6.32866    10.2281
   3.17234    10.0638    6.34469    10.3086
   3.18036    10.1147    6.36072    10.3895
   3.18838    10.1657    6.37675    10.4707
   3.19639    10.2169    6.39279    10.5524
   3.20441    10.2682    6.40882    10.6345
   3.21242    10.3197    6.42485    10.7171
   3.22044    10.3712    6.44088       10.8
   3.22846    10.4229    6.45691    10.8833
   3.23647    10.4748    6.47295    10.9671
   3.24449    10.5267    6.48898    11.0513
   3.25251    10.5788    6.50501    11.1359
   3.26052     10.631    6.52104    11.2209
   3.26854    10.6833    6.53707    11.3063
   3.27655    10.7358    6.55311    11.3921
   3.28457    10.7884    6.56914    11.4784
   3.29259    10.8411    6.58517    11.5651
    3.3006     10.894     6.6012    11.6522
   3.30862    10.9469    6.61723    11.7398
   3.31663    11.0001    6.63327    11.8277
   3.32465    11.0533     6.6493    11.9161
   3.33267    11.1067    6.66533    12.0049
   3.34068    11.1602    6.68136    12.0942
    3.3487    11.2138    6.69739    12.1838
   3.35671    11.2675    6.71343     12.274
   3.36473    11.3214    6.72946    12.3645
   3.37275    11.3754    6.74549    12.4555
   3.38076    11.4295    6.76152    12.5469
   3.38878    11.4838    6.77756    12.6387
   3.39679    11.5382    6.79359     12.731
   3.40481    11.5927    6.80962    12.8237
   3.41283    11.6474    6.82565    12.9168
   3.42084    11.7022    6.84168    13.0104
   3.42886    11.7571    6.85772    13.1044
   3.43687    11.8121    6.87375    13.1989
   3.44489    11.8673    6.88978    13.2938
   3.45291    11.9226    6.90581    13.3892
   3.46092     11.978    6.92184     13.485
   3.46894    12.0335    6.93788    13.5812
   3.47695    12.0892    6.95391    13.6779
   3.48497     12.145    6.96994     13.775
   3.49299     12.201    6.98597    13.8726
     3.501     12.257      7.002    13.9706
   3.50902    12.3132    7.01804    14.0691
   3.51703    12.3695    7.03407     14.168
   3.52505     12.426     7.0501    14.2674
   3.53307    12.4826    7.06613    14.3672
   3.54108    12.5393    7.08216    14.4675
    3.5491    12.5961     7.0982    14.5683
   3.55711    12.6531    7.11423    14.6695
   3.56513    12.7102    7.13026    14.7711
   3.57315    12.7674    7.14629    14.8732
   3.58116    12.8247    7.16232    14.9758
   3.58918    12.8822    7.17836    15.0788
   3.59719    12.9398    7.19439    15.1823
   3.60521    12.9975    7.21042    15.2863
   3.61323    13.0554    7.22645    15.3907
   3.62124    13.1134    7.24248    15.4956
   3.62926    13.1715    7.25852    15.6009
   3.63727    13.2298    7.27455    15.7068
   3.64529    13.2881    7.29058     15.813
   3.65331    13.3466    7.30661    15.9198
   3.66132    13.4053    7.32265     16.027
   3.66934     13.464    7.33868    16.1347
   3.67735    13.5229    7.35471    16.2429
   3.68537     13.582    7.37074    16.3515
   3.69339    13.6411    7.38677    16.4606
    3.7014    13.7004    7.40281    16.5702
   3.70942    13.7598    7.41884    16.6803
   3.71743    13.8193    7.43487    16.7908
   3.72545     13.879     7.4509    16.9018
   3.73347    13.9388    7.46693    17.0133
   3.74148    13.9987    7.48297    17.1253
    3.7495    14.0587      7.499    17.2377
   3.75752    14.1189    7.51503    17.3507
   3.76553    14.1792    7.53106    17.4641
   3.77355    14.2397    7.54709     17.578
   3.78156    14.3002    7.56313    17.6924
   3.78958    14.3609    7.57916    17.8073
    3.7976    14.4217    7.59519    17.9226
   3.80561    14.4827    7.61122    18.0385
   3.81363    14.5438    7.62725    18.1548
   3.82164     14.605    7.64329    18.2716
   3.82966    14.6663    7.65932     18.389
   3.83768    14.7278    7.67535    18.5068
   3.84569    14.7893    7.69138    18.6251
   3.85371    14.8511    7.70741    18.7439
   3.86172    14.9129    7.72345    18.8632
   3.86974    14.9749    7.73948     18.983
   3.87776     15.037    7.75551    19.1033
   3.88577    15.0992    7.77154     19.224
   3.89379    15.1616    7.78758    19.3453
    3.9018    15.2241    7.80361    19.4671
   3.90982    15.2867    7.81964    19.5894
   3.91784    15.3494    7.83567    19.7122
   3.92585    15.4123     7.8517    19.8355
   3.93387    15.4753    7.86774    19.9593
   3.94188    15.5384    7.88377    20.0836
    3.9499    15.6017     7.8998    20.2084
   3.95792    15.6651    7.91583    20.3337
   3.96593    15.7286    7.93186    20.4595
   3.97395    15.7923     7.9479    20.5859
   3.98196     15.856    7.96393    20.7127
   3.98998    15.9199    7.97996    20.8401
     3.998     15.984    7.99599     20.968
   4.00601    16.0481    8.01202    21.0963
   4.01403    16.1124    8.02806    21.2252
   4.02204    16.1768    8.04409    21.3547
   4.03006    16.2414    8.06012    21.4846
   4.03808    16.3061    8.07615     21.615
   4.04609    16.3709    8.09218     21.746
   4.05411    16.4358    8.10822    21.8775
   4.06212    16.5009    8.12425    22.0095
   4.07014     16.566    8.14028     22.142
   4.07816    16.6314    8.15631    22.2751
   4.08617    16.6968    8.17234    22.4087
   4.09419    16.7624    8.18838    22.5428
    4.1022    16.8281    8.20441    22.6774
   4.11022    16.8939    8.22044    22.8126
   4.11824    16.9599    8.23647    22.9483
   4.12625     17.026    8.25251    23.0845
   4.13427    17.0922    8.26854    23.2212
   4.14228    17.1585    8.28457    23.3585
    4.1503     17.225     8.3006    23.4963
   4.15832    17.2916    8.31663    23.6346
   4.16633    17.3583    8.33267    23.7735
   4.17435    17.4252     8.3487    23.9129
   4.18236    17.4922    8.36473    24.0529
   4.19038    17.5593    8.38076    24.1934
    4.1984    17.6265    8.39679    24.3344
   4.20641    17.6939    8.41283     24.476
   4.21443    17.7614    8.42886    24.6181
   4.22244     17.829    8.44489    24.7607
   4.23046    17.8968    8.46092    24.9039
   4.23848    17.9647    8.47695    25.0476
   4.24649    18.0327    8.49299    25.1919
   4.25451    18.1008    8.50902    25.3367
   4.26253    18.1691    8.52505    25.4821
   4.27054    18.2375    8.54108     25.628
   4.27856    18.3061    8.55711    25.7745
   4.28657    18.3747    8.57315    25.9215
   4.29459    18.4435    8.58918    26.0691
   4.30261    18.5124    8.60521    26.2172
   4.31062    18.5815    8.62124    26.3659
   4.31864    18.6506    8.63727    26.5151
   4.32665    18.7199    8.65331    26.6649
   4.33467    18.7894    8.66934    26.8152
   4.34269    18.8589    8.68537    26.9661
    4.3507    18.9286     8.7014    27.1176
   4.35872    18.9984    8.71743    27.2696
   4.36673    19.0684    8.73347    27.4222
   4.37475    19.1384     8.7495    27.5753
   4.38277    19.2086    8.76553     27.729
   4.39078     19.279    8.78156    27.8832
    4.3988    19.3494     8.7976    28.0381
   4.40681      19.42    8.81363    28.1934
   4.41483    19.4907    8.82966    28.3494
   4.42285    19.5616    8.84569    28.5059
   4.43086    19.6325    8.86172     28.663
   4.43888    19.7036    8.87776    28.8207
   4.44689    19.7749    8.89379    28.9789
   4.45491    19.8462    8.90982    29.1377
   4.46293    19.9177    8.92585    29.2971
   4.47094    19.9893    8.94188     29.457
   4.47896    20.0611    8.95792    29.6176
   4.48697    20.1329    8.97395    29.7787
   4.49499    20.2049    8.98998    29.9403
   4.50301    20.2771    9.00601    30.1026
   4.51102    20.3493    9.02204    30.2654
   4.51904    20.4217    9.03808    30.4288
   4.52705    20.4942    9.05411    30.5928
   4.53507    20.5669    9.07014    30.7574
   4.54309    20.6396    9.08617    30.9225
    4.5511    20.7125     9.1022    31.0883
   4.55912    20.7856    9.11824    31.2546
   4.56713    20.8587    9.13427    31.4215
   4.57515     20.932     9.1503     31.589
   4.58317    21.0054    9.16633    31.7571
   4.59118     21.079    9.18236    31.9258
    4.5992    21.1526     9.1984     32.095
   4.60721    21.2264    9.21443    32.2649
   4.61523    21.3004    9.23046    32.4353
   4.62325    21.3744    9.24649    32.6064
   4.63126    21.4486    9.26253     32.778
   4.63928    21.5229    9.27856    32.9503
   4.64729    21.5973    9.29459    33.1231
   4.65531    21.6719    9.31062    33.2965
   4.66333    21.7466    9.32665    33.4705
   4.67134    21.8214    9.34269    33.6451
   4.67936    21.8964    9.35872    33.8204
   4.68737    21.9715    9.37475    33.9962
   4.69539    22.0467    9.39078    34.1726
   4.70341     22.122    9.40681    34.3496
   4.71142    22.1975    9.42285    34.5273
   4.71944    22.2731    9.43888    34.7055
   4.72745    22.3488    9.45491    34.8844
   4.73547    22.4247    9.47094    35.0638
   4.74349    22.5007    9.48697    35.2439
    4.7515    22.5768    9.50301    35.4245
   4.75952     22.653    9.51904    35.6058
   4.76754    22.7294    9.53507    35.7877
   4.77555    22.8059     9.5511    35.9702
   4.78357    22.8825    9.56713    36.1533
   4.79158    22.9593    9.58317    36.3371
    4.7996    23.0362     9.5992    36.5214
   4.80762    23.1132    9.61523    36.7064
   4.81563    23.1903    9.63126     36.892
   4.82365    23.2676    9.64729    37.0782
   4.83166     23.345    9.66333     37.265
   4.83968    23.4225    9.67936    37.4525
    4.8477    23.5002    9.69539    37.6405
   4.85571    23.5779    9.71142    37.8292
   4.86373    23.6558    9.72745    38.0185
   4.87174    23.7339    9.74349    38.2085
   4.87976    23.8121    9.75952     38.399
   4.88778    23.8903    9.77555    38.5902
   4.89579    23.9688    9.79158     38.782
   4.90381    24.0473    9.80762    38.9745
   4.91182     24.126    9.82365    39.1676
   4.91984    24.2048    9.83968    39.3613
   4.92786    24.2838    9.85571    39.5556
   4.93587    24.3628    9.87174    39.7506
   4.94389     24.442    9.88778    39.9462
    4.9519    24.5214    9.90381    40.1425
   4.95992    24.6008    9.91984    40.3393
   4.96794    24.6804    9.93587    40.5369
   4.97595    24.7601     9.9519     40.735
   4.98397    24.8399    9.96794    40.9338
   4.99198    24.9199    9.98397    41.1333
         5         25         10    41.3333
