#INDEX 0
0 0 0
0.00497512 0.022103 0.022103
0.00995025 0.0442006 0.0442006
0.0149254 0.0662874 0.0662874
0.0199005 0.088358 0.088358
0.0248756 0.110407 0.110407
0.0298507 0.132429 0.132429
0.0348259 0.154419 0.154419
0.039801 0.176371 0.176371
0.0447761 0.19828 0.19828
0.0497512 0.22014 0.22014
0.0547264 0.241947 0.241947
0.0597015 0.263694 0.263694
0.0646766 0.285377 0.285377
0.0696517 0.306991 0.306991
0.0746269 0.328529 0.328529
0.079602 0.349988 0.349988
0.0845771 0.37136 0.37136
0.0895522 0.392642 0.392642
0.0945274 0.413828 0.413828
0.0995025 0.434913 0.434913
0.104478 0.455892 0.455892
0.109453 0.476759 0.476759
0.114428 0.49751 0.49751
0.119403 0.51814 0.51814
0.124378 0.538642 0.538642
0.129353 0.559014 0.559014
0.134328 0.579248 0.579248
0.139303 0.599341 0.599341
0.144279 0.619288 0.619288
0.149254 0.639084 0.639084
0.154229 0.658723 0.658723
0.159204 0.678201 0.678201
0.164179 0.697514 0.697514
0.169154 0.716656 0.716656
0.174129 0.735624 0.735624
0.179104 0.754411 0.754411
0.18408 0.773014 0.773014
0.189055 0.791429 0.791429
0.19403 0.80965 0.80965
0.199005 0.827673 0.827673
0.20398 0.845494 0.845494
0.208955 0.863109 0.863109
0.21393 0.880513 0.880513
0.218905 0.897701 0.897701
0.223881 0.914671 0.914671
0.228856 0.931417 0.931417
0.233831 0.947935 0.947935
0.238806 0.964222 0.964222
0.243781 0.980273 0.980273
0.248756 0.996085 0.996085
0.253731 1.01165 1.01165
0.258706 1.02697 1.02697
0.263682 1.04205 1.04205
0.268657 1.05686 1.05686
0.273632 1.07142 1.07142
0.278607 1.08571 1.08571
0.283582 1.09975 1.09975
0.288557 1.11351 1.11351
0.293532 1.127 1.127
0.298507 1.14021 1.14021
0.303483 1.15315 1.15315
0.308458 1.1658 1.1658
0.313433 1.17817 1.17817
0.318408 1.19026 1.19026
0.323383 1.20205 1.20205
0.328358 1.21354 1.21354
0.333333 1.22474 1.22474
0.338308 1.23565 1.23565
0.343284 1.24625 1.24625
0.348259 1.25654 1.25654
0.353234 1.26653 1.26653
0.358209 1.27621 1.27621
0.363184 1.28558 1.28558
0.368159 1.29463 1.29463
0.373134 1.30337 1.30337
0.378109 1.31179 1.31179
0.383085 1.31989 1.31989
0.38806 1.32766 1.32766
0.393035 1.33511 1.33511
0.39801 1.34224 1.34224
0.402985 1.34904 1.34904
0.40796 1.3555 1.3555
0.412935 1.36164 1.36164
0.41791 1.36745 1.36745
0.422886 1.37292 1.37292
0.427861 1.37805 1.37805
0.432836 1.38285 1.38285
0.437811 1.38731 1.38731
0.442786 1.39143 1.39143
0.447761 1.39521 1.39521
0.452736 1.39865 1.39865
0.457711 1.40175 1.40175
0.462687 1.40451 1.40451
0.467662 1.40692 1.40692
0.472637 1.40899 1.40899
0.477612 1.41072 1.41072
0.482587 1.4121 1.4121
0.487562 1.41313 1.41313
0.492537 1.41382 1.41382
0.497512 1.41417 1.41417
0.502488 1.41417 1.41417
0.507463 1.41382 1.41382
0.512438 1.41313 1.41313
0.517413 1.4121 1.4121
0.522388 1.41072 1.41072
0.527363 1.40899 1.40899
0.532338 1.40692 1.40692
0.537313 1.40451 1.40451
0.542289 1.40175 1.40175
0.547264 1.39865 1.39865
0.552239 1.39521 1.39521
0.557214 1.39143 1.39143
0.562189 1.38731 1.38731
0.567164 1.38285 1.38285
0.572139 1.37805 1.37805
0.577114 1.37292 1.37292
0.58209 1.36745 1.36745
0.587065 1.36164 1.36164
0.59204 1.3555 1.3555
0.597015 1.34904 1.34904
0.60199 1.34224 1.34224
0.606965 1.33511 1.33511
0.61194 1.32766 1.32766
0.616915 1.31989 1.31989
0.621891 1.31179 1.31179
0.626866 1.30337 1.30337
0.631841 1.29463 1.29463
0.636816 1.28558 1.28558
0.641791 1.27621 1.27621
0.646766 1.26653 1.26653
0.651741 1.25654 1.25654
0.656716 1.24625 1.24625
0.661692 1.23565 1.23565
0.666667 1.22474 1.22474
0.671642 1.21354 1.21354
0.676617 1.20205 1.20205
0.681592 1.19026 1.19026
0.686567 1.17817 1.17817
0.691542 1.1658 1.1658
0.696517 1.15315 1.15315
0.701493 1.14021 1.14021
0.706468 1.127 1.127
0.711443 1.11351 1.11351
0.716418 1.09975 1.09975
0.721393 1.08571 1.08571
0.726368 1.07142 1.07142
0.731343 1.05686 1.05686
0.736318 1.04205 1.04205
0.741294 1.02697 1.02697
0.746269 1.01165 1.01165
0.751244 0.996085 0.996085
0.756219 0.980273 0.980273
0.761194 0.964222 0.964222
0.766169 0.947935 0.947935
0.771144 0.931417 0.931417
0.776119 0.914671 0.914671
0.781095 0.897701 0.897701
0.78607 0.880513 0.880513
0.791045 0.863109 0.863109
0.79602 0.845494 0.845494
0.800995 0.827673 0.827673
0.80597 0.80965 0.80965
0.810945 0.791429 0.791429
0.81592 0.773014 0.773014
0.820896 0.754411 0.754411
0.825871 0.735624 0.735624
0.830846 0.716656 0.716656
0.835821 0.697514 0.697514
0.840796 0.678201 0.678201
0.845771 0.658723 0.658723
0.850746 0.639084 0.639084
0.855721 0.619288 0.619288
0.860697 0.599341 0.599341
0.865672 0.579248 0.579248
0.870647 0.559014 0.559014
0.875622 0.538642 0.538642
0.880597 0.51814 0.51814
0.885572 0.49751 0.49751
0.890547 0.476759 0.476759
0.895522 0.455892 0.455892
0.900498 0.434913 0.434913
0.905473 0.413828 0.413828
0.910448 0.392642 0.392642
0.915423 0.37136 0.37136
0.920398 0.349988 0.349988
0.925373 0.328529 0.328529
0.930348 0.306991 0.306991
0.935323 0.285377 0.285377
0.940299 0.263694 0.263694
0.945274 0.241947 0.241947
0.950249 0.22014 0.22014
0.955224 0.19828 0.19828
0.960199 0.176371 0.176371
0.965174 0.154419 0.154419
0.970149 0.132429 0.132429
0.975124 0.110407 0.110407
0.9801 0.088358 0.088358
0.985075 0.0662874 0.0662874
0.99005 0.0442006 0.0442006
0.995025 0.022103 0.022103
1 0 0


#INDEX 1
0 0 0
0.00497512 0.0442006 0.0442006
0.00995025 0.088358 0.088358
0.0149254 0.132429 0.132429
0.0199005 0.176371 0.176371
0.0248756 0.22014 0.22014
0.0298507 0.263694 0.263694
0.0348259 0.306991 0.306991
0.039801 0.349988 0.349988
0.0447761 0.392642 0.392642
0.0497512 0.434913 0.434913
0.0547264 0.476759 0.476759
0.0597015 0.51814 0.51814
0.0646766 0.559014 0.559014
0.0696517 0.599341 0.599341
0.0746269 0.639084 0.639084
0.079602 0.678201 0.678201
0.0845771 0.716656 0.716656
0.0895522 0.754411 0.754411
0.0945274 0.791429 0.791429
0.0995025 0.827673 0.827673
0.104478 0.863109 0.863109
0.109453 0.897701 0.897701
0.114428 0.931417 0.931417
0.119403 0.964222 0.964222
0.124378 0.996085 0.996085
0.129353 1.02697 1.02697
0.134328 1.05686 1.05686
0.139303 1.08571 1.08571
0.144279 1.11351 1.11351
0.149254 1.14021 1.14021
0.154229 1.1658 1.1658
0.159204 1.19026 1.19026
0.164179 1.21354 1.21354
0.169154 1.23565 1.23565
0.174129 1.25654 1.25654
0.179104 1.27621 1.27621
0.18408 1.29463 1.29463
0.189055 1.31179 1.31179
0.19403 1.32766 1.32766
0.199005 1.34224 1.34224
0.20398 1.3555 1.3555
0.208955 1.36745 1.36745
0.21393 1.37805 1.37805
0.218905 1.38731 1.38731
0.223881 1.39521 1.39521
0.228856 1.40175 1.40175
0.233831 1.40692 1.40692
0.238806 1.41072 1.41072
0.243781 1.41313 1.41313
0.248756 1.41417 1.41417
0.253731 1.41382 1.41382
0.258706 1.4121 1.4121
0.263682 1.40899 1.40899
0.268657 1.40451 1.40451
0.273632 1.39865 1.39865
0.278607 1.39143 1.39143
0.283582 1.38285 1.38285
0.288557 1.37292 1.37292
0.293532 1.36164 1.36164
0.298507 1.34904 1.34904
0.303483 1.33511 1.33511
0.308458 1.31989 1.31989
0.313433 1.30337 1.30337
0.318408 1.28558 1.28558
0.323383 1.26653 1.26653
0.328358 1.24625 1.24625
0.333333 1.22474 1.22474
0.338308 1.20205 1.20205
0.343284 1.17817 1.17817
0.348259 1.15315 1.15315
0.353234 1.127 1.127
0.358209 1.09975 1.09975
0.363184 1.07142 1.07142
0.368159 1.04205 1.04205
0.373134 1.01165 1.01165
0.378109 0.980273 0.980273
0.383085 0.947935 0.947935
0.38806 0.914671 0.914671
0.393035 0.880513 0.880513
0.39801 0.845494 0.845494
0.402985 0.80965 0.80965
0.40796 0.773014 0.773014
0.412935 0.735624 0.735624
0.41791 0.697514 0.697514
0.422886 0.658723 0.658723
0.427861 0.619288 0.619288
0.432836 0.579248 0.579248
0.437811 0.538642 0.538642
0.442786 0.49751 0.49751
0.447761 0.455892 0.455892
0.452736 0.413828 0.413828
0.457711 0.37136 0.37136
0.462687 0.328529 0.328529
0.467662 0.285377 0.285377
0.472637 0.241947 0.241947
0.477612 0.19828 0.19828
0.482587 0.154419 0.154419
0.487562 0.110407 0.110407
0.492537 0.0662874 0.0662874
0.497512 0.022103 0.022103
0.502488 -0.022103 -0.022103
0.507463 -0.0662874 -0.0662874
0.512438 -0.110407 -0.110407
0.517413 -0.154419 -0.154419
0.522388 -0.19828 -0.19828
0.527363 -0.241947 -0.241947
0.532338 -0.285377 -0.285377
0.537313 -0.328529 -0.328529
0.542289 -0.37136 -0.37136
0.547264 -0.413828 -0.413828
0.552239 -0.455892 -0.455892
0.557214 -0.49751 -0.49751
0.562189 -0.538642 -0.538642
0.567164 -0.579248 -0.579248
0.572139 -0.619288 -0.619288
0.577114 -0.658723 -0.658723
0.58209 -0.697514 -0.697514
0.587065 -0.735624 -0.735624
0.59204 -0.773014 -0.773014
0.597015 -0.80965 -0.80965
0.60199 -0.845494 -0.845494
0.606965 -0.880513 -0.880513
0.61194 -0.914671 -0.914671
0.616915 -0.947935 -0.947935
0.621891 -0.980273 -0.980273
0.626866 -1.01165 -1.01165
0.631841 -1.04205 -1.04205
0.636816 -1.07142 -1.07142
0.641791 -1.09975 -1.09975
0.646766 -1.127 -1.127
0.651741 -1.15315 -1.15315
0.656716 -1.17817 -1.17817
0.661692 -1.20205 -1.20205
0.666667 -1.22474 -1.22474
0.671642 -1.24625 -1.24625
0.676617 -1.26653 -1.26653
0.681592 -1.28558 -1.28558
0.686567 -1.30337 -1.30337
0.691542 -1.31989 -1.31989
0.696517 -1.33511 -1.33511
0.701493 -1.34904 -1.34904
0.706468 -1.36164 -1.36164
0.711443 -1.37292 -1.37292
0.716418 -1.38285 -1.38285
0.721393 -1.39143 -1.39143
0.726368 -1.39865 -1.39865
0.731343 -1.40451 -1.40451
0.736318 -1.40899 -1.40899
0.741294 -1.4121 -1.4121
0.746269 -1.41382 -1.41382
0.751244 -1.41417 -1.41417
0.756219 -1.41313 -1.41313
0.761194 -1.41072 -1.41072
0.766169 -1.40692 -1.40692
0.771144 -1.40175 -1.40175
0.776119 -1.39521 -1.39521
0.781095 -1.38731 -1.38731
0.78607 -1.37805 -1.37805
0.791045 -1.36745 -1.36745
0.79602 -1.3555 -1.3555
0.800995 -1.34224 -1.34224
0.80597 -1.32766 -1.32766
0.810945 -1.31179 -1.31179
0.81592 -1.29463 -1.29463
0.820896 -1.27621 -1.27621
0.825871 -1.25654 -1.25654
0.830846 -1.23565 -1.23565
0.835821 -1.21354 -1.21354
0.840796 -1.19026 -1.19026
0.845771 -1.1658 -1.1658
0.850746 -1.14021 -1.14021
0.855721 -1.11351 -1.11351
0.860697 -1.08571 -1.08571
0.865672 -1.05686 -1.05686
0.870647 -1.02697 -1.02697
0.875622 -0.996085 -0.996085
0.880597 -0.964222 -0.964222
0.885572 -0.931417 -0.931417
0.890547 -0.897701 -0.897701
0.895522 -0.863109 -0.863109
0.900498 -0.827673 -0.827673
0.905473 -0.791429 -0.791429
0.910448 -0.754411 -0.754411
0.915423 -0.716656 -0.716656
0.920398 -0.678201 -0.678201
0.925373 -0.639084 -0.639084
0.930348 -0.599341 -0.599341
0.935323 -0.559014 -0.559014
0.940299 -0.51814 -0.51814
0.945274 -0.476759 -0.476759
0.950249 -0.434913 -0.434913
0.955224 -0.392642 -0.392642
0.960199 -0.349988 -0.349988
0.965174 -0.306991 -0.306991
0.970149 -0.263694 -0.263694
0.975124 -0.22014 -0.22014
0.9801 -0.176371 -0.176371
0.985075 -0.132429 -0.132429
0.99005 -0.088358 -0.088358
0.995025 -0.0442006 -0.0442006
1 0 0


#INDEX 2
0 0 0
0.00497512 0.0662874 0.0662874
0.00995025 0.132429 0.132429
0.0149254 0.19828 0.19828
0.0199005 0.263694 0.263694
0.0248756 0.328529 0.328529
0.0298507 0.392642 0.392642
0.0348259 0.455892 0.455892
0.039801 0.51814 0.51814
0.0447761 0.579248 0.579248
0.0497512 0.639084 0.639084
0.0547264 0.697514 0.697514
0.0597015 0.754411 0.754411
0.0646766 0.80965 0.80965
0.0696517 0.863109 0.863109
0.0746269 0.914671 0.914671
0.079602 0.964222 0.964222
0.0845771 1.01165 1.01165
0.0895522 1.05686 1.05686
0.0945274 1.09975 1.09975
0.0995025 1.14021 1.14021
0.104478 1.17817 1.17817
0.109453 1.21354 1.21354
0.114428 1.24625 1.24625
0.119403 1.27621 1.27621
0.124378 1.30337 1.30337
0.129353 1.32766 1.32766
0.134328 1.34904 1.34904
0.139303 1.36745 1.36745
0.144279 1.38285 1.38285
0.149254 1.39521 1.39521
0.154229 1.40451 1.40451
0.159204 1.41072 1.41072
0.164179 1.41382 1.41382
0.169154 1.41382 1.41382
0.174129 1.41072 1.41072
0.179104 1.40451 1.40451
0.18408 1.39521 1.39521
0.189055 1.38285 1.38285
0.19403 1.36745 1.36745
0.199005 1.34904 1.34904
0.20398 1.32766 1.32766
0.208955 1.30337 1.30337
0.21393 1.27621 1.27621
0.218905 1.24625 1.24625
0.223881 1.21354 1.21354
0.228856 1.17817 1.17817
0.233831 1.14021 1.14021
0.238806 1.09975 1.09975
0.243781 1.05686 1.05686
0.248756 1.01165 1.01165
0.253731 0.964222 0.964222
0.258706 0.914671 0.914671
0.263682 0.863109 0.863109
0.268657 0.80965 0.80965
0.273632 0.754411 0.754411
0.278607 0.697514 0.697514
0.283582 0.639084 0.639084
0.288557 0.579248 0.579248
0.293532 0.51814 0.51814
0.298507 0.455892 0.455892
0.303483 0.392642 0.392642
0.308458 0.328529 0.328529
0.313433 0.263694 0.263694
0.318408 0.19828 0.19828
0.323383 0.132429 0.132429
0.328358 0.0662874 0.0662874
0.333333 2.64819e-13 1.73191e-16
0.338308 -0.0662874 -0.0662874
0.343284 -0.132429 -0.132429
0.348259 -0.19828 -0.19828
0.353234 -0.263694 -0.263694
0.358209 -0.328529 -0.328529
0.363184 -0.392642 -0.392642
0.368159 -0.455892 -0.455892
0.373134 -0.51814 -0.51814
0.378109 -0.579248 -0.579248
0.383085 -0.639084 -0.639084
0.38806 -0.697514 -0.697514
0.393035 -0.754411 -0.754411
0.39801 -0.80965 -0.80965
0.402985 -0.863109 -0.863109
0.40796 -0.914671 -0.914671
0.412935 -0.964222 -0.964222
0.41791 -1.01165 -1.01165
0.422886 -1.05686 -1.05686
0.427861 -1.09975 -1.09975
0.432836 -1.14021 -1.14021
0.437811 -1.17817 -1.17817
0.442786 -1.21354 -1.21354
0.447761 -1.24625 -1.24625
0.452736 -1.27621 -1.27621
0.457711 -1.30337 -1.30337
0.462687 -1.32766 -1.32766
0.467662 -1.34904 -1.34904
0.472637 -1.36745 -1.36745
0.477612 -1.38285 -1.38285
0.482587 -1.39521 -1.39521
0.487562 -1.40451 -1.40451
0.492537 -1.41072 -1.41072
0.497512 -1.41382 -1.41382
0.502488 -1.41382 -1.41382
0.507463 -1.41072 -1.41072
0.512438 -1.40451 -1.40451
0.517413 -1.39521 -1.39521
0.522388 -1.38285 -1.38285
0.527363 -1.36745 -1.36745
0.532338 -1.34904 -1.34904
0.537313 -1.32766 -1.32766
0.542289 -1.30337 -1.30337
0.547264 -1.27621 -1.27621
0.552239 -1.24625 -1.24625
0.557214 -1.21354 -1.21354
0.562189 -1.17817 -1.17817
0.567164 -1.14021 -1.14021
0.572139 -1.09975 -1.09975
0.577114 -1.05686 -1.05686
0.58209 -1.01165 -1.01165
0.587065 -0.964222 -0.964222
0.59204 -0.914671 -0.914671
0.597015 -0.863109 -0.863109
0.60199 -0.80965 -0.80965
0.606965 -0.754411 -0.754411
0.61194 -0.697514 -0.697514
0.616915 -0.639084 -0.639084
0.621891 -0.579248 -0.579248
0.626866 -0.51814 -0.51814
0.631841 -0.455892 -0.455892
0.636816 -0.392642 -0.392642
0.641791 -0.328529 -0.328529
0.646766 -0.263694 -0.263694
0.651741 -0.19828 -0.19828
0.656716 -0.132429 -0.132429
0.661692 -0.0662874 -0.0662874
0.666667 -3.90757e-14 -3.46382e-16
0.671642 0.0662874 0.0662874
0.676617 0.132429 0.132429
0.681592 0.19828 0.19828
0.686567 0.263694 0.263694
0.691542 0.328529 0.328529
0.696517 0.392642 0.392642
0.701493 0.455892 0.455892
0.706468 0.51814 0.51814
0.711443 0.579248 0.579248
0.716418 0.639084 0.639084
0.721393 0.697514 0.697514
0.726368 0.754411 0.754411
0.731343 0.80965 0.80965
0.736318 0.863109 0.863109
0.741294 0.914671 0.914671
0.746269 0.964222 0.964222
0.751244 1.01165 1.01165
0.756219 1.05686 1.05686
0.761194 1.09975 1.09975
0.766169 1.14021 1.14021
0.771144 1.17817 1.17817
0.776119 1.21354 1.21354
0.781095 1.24625 1.24625
0.78607 1.27621 1.27621
0.791045 1.30337 1.30337
0.79602 1.32766 1.32766
0.800995 1.34904 1.34904
0.80597 1.36745 1.36745
0.810945 1.38285 1.38285
0.81592 1.39521 1.39521
0.820896 1.40451 1.40451
0.825871 1.41072 1.41072
0.830846 1.41382 1.41382
0.835821 1.41382 1.41382
0.840796 1.41072 1.41072
0.845771 1.40451 1.40451
0.850746 1.39521 1.39521
0.855721 1.38285 1.38285
0.860697 1.36745 1.36745
0.865672 1.34904 1.34904
0.870647 1.32766 1.32766
0.875622 1.30337 1.30337
0.880597 1.27621 1.27621
0.885572 1.24625 1.24625
0.890547 1.21354 1.21354
0.895522 1.17817 1.17817
0.900498 1.14021 1.14021
0.905473 1.09975 1.09975
0.910448 1.05686 1.05686
0.915423 1.01165 1.01165
0.920398 0.964222 0.964222
0.925373 0.914671 0.914671
0.930348 0.863109 0.863109
0.935323 0.80965 0.80965
0.940299 0.754411 0.754411
0.945274 0.697514 0.697514
0.950249 0.639084 0.639084
0.955224 0.579248 0.579248
0.960199 0.51814 0.51814
0.965174 0.455892 0.455892
0.970149 0.392642 0.392642
0.975124 0.328529 0.328529
0.9801 0.263694 0.263694
0.985075 0.19828 0.19828
0.99005 0.132429 0.132429
0.995025 0.0662874 0.0662874
1 0 0


