0 9.8694 9.8696
1 39.4752 39.4784
2 88.8102 88.8264
3 157.862 157.914
4 246.615 246.74
5 355.045 355.306
6 483.128 483.611
7 630.832 631.655
8 798.121 799.438
9 984.953 986.96
10 1191.28 1194.22
11 1417.06 1421.22
12 1662.23 1667.96
13 1926.74 1934.44
14 2210.51 2220.66
15 2513.48 2526.62
16 2835.57 2852.32
17 3176.72 3197.75
18 3536.82 3562.93
19 3915.8 3947.84
20 4313.56 4352.5
21 4730.01 4776.89
22 5165.04 5221.02
23 5618.54 5684.89
24 6090.42 6168.5
25 6580.54 6671.85
26 7088.8 7194.94
27 7615.06 7737.77
28 8159.2 8300.34
29 8721.09 8882.64
30 9300.58 9484.69
31 9897.54 10106.5
32 10511.8 10748
33 11143.3 11409.3
34 11791.7 12090.3
35 12457.1 12791
36 13139.1 13511.5
37 13837.7 14251.7
38 14552.6 15011.7
39 15283.7 15791.4
40 16030.8 16590.8
41 16793.7 17410
42 17572.2 18248.9
43 18366.3 19107.6
44 19175.5 19985.9
45 19999.8 20884.1
46 20839 21802
47 21692.8 22739.6
48 22561.1 23696.9
49 23443.5 24674
50 24340 25670.8
51 25250.3 26687.4
52 26174.2 27723.7
53 27111.4 28779.8
54 28061.7 29855.6
55 29024.9 30951.1
56 30000.7 32066.3
57 30989 33201.3
58 31989.4 34356.1
59 33001.8 35530.6
60 34025.8 36724.8
61 35061.3 37938.8
62 36107.9 39172.5
63 37165.4 40425.9
64 38233.7 41699.1
65 39312.3 42992
66 40401 44304.7
67 41499.6 45637.1
68 42607.8 46989.2
69 43725.4 48361.1
70 44852 49752.7
71 45987.3 51164
72 47131.2 52595.1
73 48283.3 54046
74 49443.4 55516.5
75 50611.1 57006.8
76 51786.2 58516.9
77 52968.4 60046.7
78 54157.4 61596.2
79 55352.9 63165.5
80 56554.6 64754.5
81 57762.2 66363.2
82 58975.4 67991.7
83 60194 69639.9
84 61417.7 71307.9
85 62646 72995.6
86 63878.8 74703
87 65115.7 76430.2
88 66356.5 78177.1
89 67600.8 79943.8
90 68848.3 81730.2
91 70098.7 83536.3
92 71351.8 85362.2
93 72607.1 87207.8
94 73864.5 89073.2
95 75123.5 90958.3
96 76384 92863.1
97 77645.5 94787.7
98 78907.8 96732
99 80170.5 98696
100 81433.5 100680
101 82696.2 102683
102 83958.5 104707
103 85220 106750
104 86480.5 108812
105 87739.5 110895
106 88996.9 112997
107 90252.2 115119
108 91505.3 117261
109 92755.7 119422
110 94003.2 121603
111 95247.5 123804
112 96488.3 126025
113 97725.2 128265
114 98958 130526
115 100186 132805
116 101410 135105
117 102629 137424
118 103842 139763
119 105049 142122
120 106251 144501
121 107447 146899
122 108636 149317
123 109818 151755
124 110993 154213
125 112161 156690
126 113321 159187
127 114473 161704
128 115617 164240
129 116752 166796
130 117879 169372
131 118996 171968
132 120104 174583
133 121203 177219
134 122292 179874
135 123370 182548
136 124439 185243
137 125496 187957
138 126543 190691
139 127578 193444
140 128602 196218
141 129615 199011
142 130615 201824
143 131603 204656
144 132579 207508
145 133542 210380
146 134493 213272
147 135430 216184
148 136354 219115
149 137264 222066
150 138160 225037
151 139043 228027
152 139911 231038
153 140765 234068
154 141604 237117
155 142428 240187
156 143238 243276
157 144032 246385
158 144810 249513
159 145573 252662
160 146320 255830
161 147051 259018
162 147766 262226
163 148465 265453
164 149147 268700
165 149812 271967
166 150461 275253
167 151092 278560
168 151706 281886
169 152303 285232
170 152883 288597
171 153445 291982
172 153989 295387
173 154515 298812
174 155023 302257
175 155514 305721
176 155985 309205
177 156439 312709
178 156874 316232
179 157290 319775
180 157688 323338
181 158067 326921
182 158427 330523
183 158768 334145
184 159091 337787
185 159393 341449
186 159677 345130
187 159942 348831
188 160187 352552
189 160413 356293
190 160619 360053
191 160806 363833
192 160973 367633
193 161121 371452
194 161249 375292
195 161357 379151
196 161446 383029
197 161515 386928
198 161565 390846
199 161594 394784
