      -1.4  -0.952285
     -1.35  -0.943762
      -1.3  -0.934008
     -1.25    -0.9229
      -1.2  -0.910314
     -1.15  -0.896124
      -1.1  -0.880205
     -1.05  -0.862436
        -1  -0.842701
     -0.95  -0.820891
      -0.9  -0.796908
     -0.85  -0.770668
      -0.8  -0.742101
     -0.75  -0.711156
      -0.7  -0.677801
     -0.65  -0.642029
      -0.6  -0.603856
     -0.55  -0.563323
      -0.5    -0.5205
     -0.45  -0.475482
      -0.4  -0.428392
     -0.35  -0.379382
      -0.3  -0.328627
     -0.25  -0.276326
      -0.2  -0.222703
     -0.15  -0.167996
      -0.1  -0.112463
     -0.05  -0.056372
7.63278e-16 8.61267e-16
      0.05   0.056372
       0.1   0.112463
      0.15   0.167996
       0.2   0.222703
      0.25   0.276326
       0.3   0.328627
      0.35   0.379382
       0.4   0.428392
      0.45   0.475482
       0.5     0.5205
      0.55   0.563323
       0.6   0.603856
      0.65   0.642029
       0.7   0.677801
      0.75   0.711156
       0.8   0.742101
      0.85   0.770668
       0.9   0.796908
      0.95   0.820891
         1   0.842701
      1.05   0.862436
       1.1   0.880205
      1.15   0.896124
       1.2   0.910314
      1.25     0.9229
       1.3   0.934008
      1.35   0.943762
