      1000      0.534   0.997685      0.517    8.37474
      2000     0.5395   0.996875      0.519    10.4684
      3000      0.525   0.998749   0.522333    3.72211
      4000       0.51     0.9998     0.5215    3.83842
      5000     0.5228    0.99896     0.5216    4.74568
      6000   0.526667   0.998577     0.5225       4.42
      7000   0.512571   0.999684   0.522571    2.99098
      8000     0.5275   0.998486   0.523375   0.174474
      9000   0.519222   0.999261   0.523778   0.620351
     10000     0.5279   0.998442     0.5237   0.279158
     11000   0.518909   0.999285   0.523364    0.25378
     12000      0.526   0.998647   0.523167   0.814211
     13000      0.527   0.998541   0.523462   0.214737
     14000   0.524429   0.998806     0.5235   0.299098
     15000   0.519067   0.999273   0.523933    1.39579
     16000   0.520375   0.999169      0.524     1.6575
     17000   0.519471   0.999242      0.524    1.39579
     18000   0.519778   0.999217   0.523222  0.0775439
     19000   0.526421   0.998603   0.523053   0.734626
     20000    0.51835   0.999326    0.52355   0.139579
     21000    0.52019   0.999184   0.523381   0.398797
     22000   0.526591   0.998585   0.523136    0.63445
     23000   0.527174   0.998522   0.523391    1.03167
     24000    0.52175   0.999053   0.524083    2.09368
     25000    0.52332   0.998912    0.52396    1.45162
     26000   0.523577   0.998888      0.524    1.18105
     27000   0.531815   0.997974   0.524074    1.34409
     28000   0.526179   0.998628   0.523786    1.04684
     29000      0.528   0.998431   0.523621   0.770091
     30000   0.528933   0.998324   0.523567    1.11663
     31000      0.529   0.998317   0.523774    1.03559
     32000   0.523563   0.998889   0.523969    1.22132
     33000   0.524697   0.998779   0.523818   0.338373
     34000   0.525088    0.99874   0.523853   0.410526
     35000   0.524029   0.998845   0.524114    1.07675
     36000     0.5255   0.998699   0.524083     1.2407
     37000   0.525757   0.998672   0.523622   0.490413
     38000   0.520316   0.999174   0.523658   0.808089
     39000   0.522949   0.998946   0.523641   0.214737
     40000     0.5223   0.999005   0.523675  0.0348947
     41000   0.520707   0.999142   0.523854   0.408524
     42000    0.52431   0.998817   0.523952   0.498496
     43000   0.522209   0.999013   0.523814   0.681665
     44000   0.527205   0.998519   0.523659   0.475837
     45000   0.521467   0.999078   0.523822   0.558316
     46000   0.523783   0.998868   0.523978   0.879954
     47000   0.530766   0.998105      0.524   0.593953
     48000   0.526417   0.998603   0.523854   0.581579
     49000   0.523082   0.998934   0.523918   0.712138
     50000    0.52606   0.998641    0.52378   0.558316
     51000   0.521902    0.99904   0.523902   0.711579
     52000   0.523788   0.998868   0.523923   0.724737
     53000   0.522679   0.998971   0.523925   0.711063
     54000   0.521815   0.999048   0.523685   0.568655
     55000     0.5256   0.998688   0.523673   0.609072
     56000   0.523018    0.99894   0.523696    0.72282
     57000   0.520947   0.999122   0.523667   0.857064
     58000   0.525914   0.998656   0.523672   0.818221
     59000   0.523932   0.998854   0.523678   0.709723
     60000   0.523267   0.998917   0.523817   0.837474
     61000    0.52359   0.998886   0.523705   0.457636
     62000   0.523581   0.998887   0.523742   0.630357
     63000   0.525016   0.998748   0.523841   0.731128
     64000   0.522734   0.998966   0.523891   0.959605
     65000   0.524754   0.998774   0.523892   0.858947
     66000   0.523136   0.998929   0.523803   0.740191
     67000   0.525985   0.998649    0.52391   0.833307
     68000   0.524735   0.998776   0.523926   0.800526
     69000   0.527174   0.998522   0.523942   0.829382
     70000   0.525971    0.99865      0.524    1.09669
     71000   0.526225   0.998624    0.52407    1.25818
     72000   0.524875   0.998762   0.523903    1.08561
     73000   0.524822   0.998767   0.523822   0.898659
     74000   0.521257   0.999096   0.523919   0.811067
     75000   0.524947   0.998755    0.52396   0.911916
     76000   0.524171   0.998831   0.523763   0.477507
     77000   0.520961   0.999121   0.523805   0.489433
     78000   0.524397   0.998809   0.523821   0.644211
     79000   0.518797   0.999293   0.523759   0.530047
     80000   0.524537   0.998795   0.523775      0.663
     81000   0.527864   0.998446    0.52384   0.775439
     82000    0.52539    0.99871   0.523805   0.612786
     83000   0.524783   0.998771   0.523819   0.538136
     84000    0.52475   0.998774   0.523821    0.48188
     85000   0.526459   0.998599   0.523929   0.689684
     86000   0.525826   0.998665   0.524023   0.908886
     87000   0.526253   0.998621   0.523862   0.754047
     88000   0.526716   0.998572   0.523875   0.650311
     89000   0.526202   0.998626   0.523944     0.8312
     90000   0.517533   0.999385   0.523878   0.806456
     91000   0.523626   0.998883   0.523802   0.659549
     92000   0.523152   0.998927   0.523815   0.788925
     93000   0.524978   0.998751   0.523785   0.720407
     94000   0.522638   0.998974    0.52384   0.831534
     95000   0.522716   0.998967     0.5238   0.749319
     96000   0.522156   0.999018   0.523854   0.726974
     97000   0.522897   0.998951   0.523794   0.661921
     98000   0.523776   0.998869   0.523724   0.669409
     99000   0.522333   0.999002   0.523778   0.831834
    100000    0.52219   0.999015    0.52378   0.907263
