         0    4.92999          1    4.76217       0.05
  0.080402    4.91632          2    4.60517       0.05
  0.160804    4.90266          3    4.47734       0.05
  0.241206    4.88899          4    4.27667       0.05
  0.321608    4.87532          5    3.97029       0.05
   0.40201    4.86166          9    3.38439       0.05
  0.482412    4.84799         10    3.22684       0.05
  0.562814    4.83432         13     2.7213       0.05
  0.643216    4.82066         15    2.40695       0.05
  0.723618    4.80699
   0.80402    4.79332
  0.884422    4.77966
  0.964824    4.76599
   1.04523    4.75232
   1.12563    4.73865
   1.20603    4.72499
   1.28643    4.71132
   1.36683    4.69765
   1.44724    4.68399
   1.52764    4.67032
   1.60804    4.65665
   1.68844    4.64299
   1.76884    4.62932
   1.84925    4.61565
   1.92965    4.60199
   2.01005    4.58832
   2.09045    4.57465
   2.17085    4.56099
   2.25126    4.54732
   2.33166    4.53365
   2.41206    4.51999
   2.49246    4.50632
   2.57286    4.49265
   2.65327    4.47899
   2.73367    4.46532
   2.81407    4.45165
   2.89447    4.43799
   2.97487    4.42432
   3.05528    4.41065
   3.13568    4.39699
   3.21608    4.38332
   3.29648    4.36965
   3.37688    4.35599
   3.45729    4.34232
   3.53769    4.32865
   3.61809    4.31498
   3.69849    4.30132
   3.77889    4.28765
    3.8593    4.27398
    3.9397    4.26032
    4.0201    4.24665
    4.1005    4.23298
    4.1809    4.21932
   4.26131    4.20565
   4.34171    4.19198
   4.42211    4.17832
   4.50251    4.16465
   4.58291    4.15098
   4.66332    4.13732
   4.74372    4.12365
   4.82412    4.10998
   4.90452    4.09632
   4.98492    4.08265
   5.06533    4.06898
   5.14573    4.05532
   5.22613    4.04165
   5.30653    4.02798
   5.38693    4.01432
   5.46734    4.00065
   5.54774    3.98698
   5.62814    3.97332
   5.70854    3.95965
   5.78894    3.94598
   5.86935    3.93231
   5.94975    3.91865
   6.03015    3.90498
   6.11055    3.89131
   6.19095    3.87765
   6.27136    3.86398
   6.35176    3.85031
   6.43216    3.83665
   6.51256    3.82298
   6.59296    3.80931
   6.67337    3.79565
   6.75377    3.78198
   6.83417    3.76831
   6.91457    3.75465
   6.99497    3.74098
   7.07538    3.72731
   7.15578    3.71365
   7.23618    3.69998
   7.31658    3.68631
   7.39698    3.67265
   7.47739    3.65898
   7.55779    3.64531
   7.63819    3.63165
   7.71859    3.61798
   7.79899    3.60431
    7.8794    3.59065
    7.9598    3.57698
    8.0402    3.56331
    8.1206    3.54965
   8.20101    3.53598
   8.28141    3.52231
   8.36181    3.50864
   8.44221    3.49498
   8.52261    3.48131
   8.60302    3.46764
   8.68342    3.45398
   8.76382    3.44031
   8.84422    3.42664
   8.92462    3.41298
   9.00503    3.39931
   9.08543    3.38564
   9.16583    3.37198
   9.24623    3.35831
   9.32663    3.34464
   9.40704    3.33098
   9.48744    3.31731
   9.56784    3.30364
   9.64824    3.28998
   9.72864    3.27631
   9.80905    3.26264
   9.88945    3.24898
   9.96985    3.23531
   10.0503    3.22164
   10.1307    3.20798
   10.2111    3.19431
   10.2915    3.18064
   10.3719    3.16698
   10.4523    3.15331
   10.5327    3.13964
   10.6131    3.12598
   10.6935    3.11231
   10.7739    3.09864
   10.8543    3.08497
   10.9347    3.07131
   11.0151    3.05764
   11.0955    3.04397
   11.1759    3.03031
   11.2563    3.01664
   11.3367    3.00297
   11.4171    2.98931
   11.4975    2.97564
   11.5779    2.96197
   11.6583    2.94831
   11.7387    2.93464
   11.8191    2.92097
   11.8995    2.90731
   11.9799    2.89364
   12.0603    2.87997
   12.1407    2.86631
   12.2211    2.85264
   12.3015    2.83897
   12.3819    2.82531
   12.4623    2.81164
   12.5427    2.79797
   12.6231    2.78431
   12.7035    2.77064
   12.7839    2.75697
   12.8643    2.74331
   12.9447    2.72964
   13.0251    2.71597
   13.1055     2.7023
   13.1859    2.68864
   13.2663    2.67497
   13.3467     2.6613
   13.4271    2.64764
   13.5075    2.63397
   13.5879     2.6203
   13.6683    2.60664
   13.7487    2.59297
   13.8291     2.5793
   13.9095    2.56564
   13.9899    2.55197
   14.0704     2.5383
   14.1508    2.52464
   14.2312    2.51097
   14.3116     2.4973
    14.392    2.48364
   14.4724    2.46997
   14.5528     2.4563
   14.6332    2.44264
   14.7136    2.42897
    14.794     2.4153
   14.8744    2.40164
   14.9548    2.38797
   15.0352     2.3743
   15.1156    2.36064
    15.196    2.34697
   15.2764     2.3333
   15.3568    2.31964
   15.4372    2.30597
   15.5176     2.2923
    15.598    2.27863
   15.6784    2.26497
   15.7588     2.2513
   15.8392    2.23763
   15.9196    2.22397
        16     2.2103
